2232
8242
9238
-9354
-4404
8723
-4815
768
956
-4008
2197
6904
-537
9549
-7280
6978
6802
8396
-8146
-109
4641
1525
-7126
-211
4951
-3638
-8034
-6842
-3436
-2514
8002
8796
-552
-9041
9443
5044
-6598
-1652
-468
4358
4340
-8271
4983
-2477
-8723
7703
-5499
8080
6098
-3645
1691
4459
-8400
8286
-2031
6551
-5353
-65
9709
1212
-8859
7710
7
590
-7611
3170
-646
-4209
-4762
8887
-9851
9578
-9385
8853
822
-4387
6555
5323
-2587
6374
-8323
9104
832
-6723
7389
-7479
-6452
-4243
6177
-6744
-9311
7319
-5314
696
1629
-2925
-2413
-5297
2866
2825
-6411
6736
6124
-2075
5588
-3055
3539
5864
-4012
-5328
2237
-2335
-6224
-3211
4663
-5115
-689
-8069
4363
-4513
-4813
5052
-3474
-127
-4252
-8125
-9332
7056
-3421
3534
3601
168
3991
3445
-8186
-422
-5890
9074
-838
98
-6255
-8602
-8517
1242
-1812
9867
9849
-8781
-8203
4211
-3294
-3016
-737
3233
-9423
8732
8829
-5034
5787
-4593
8501
3108
9297
2491
-3447
-8890
-4211
663
-9817
4952
-5518
-2351
-9930
-4035
8892
1979
-4168
8740
3198
1350
6671
-6375
-7945
-4067
-9422
-3647
-5336
9407
1320
-9550
-5186
-180
7280
-2169
-3969
-6168
2662
5541
8216
2845
4213
-7303
-5786
4284
2384
-3174
-17
-8064
-714
-6819
3286
-4043
-3194
5341
1890
-2616
-8306
6555
511
6735
-9275
9046
-3446
8005
-3124
6306
-4443
9538
1846
-2506
6103
-220
191
-5962
-5937
-3705
864
7767
-1769
-9850
-9053
-4762
-3893
1474
-5701
7997
-7422
-286
8272
3090
-3552
8998
2135
6723
-9278
-7268
3028
1
-7731
-1405
7495
-7907
8375
-2315
-3869
-3842
7702
6995
-6076
-347
-9135
-1407
4891
-3028
-9934
-7089
-1310
-3634
2625
-3039
9456
9074
-321
5311
9517
4123
8043
2545
-5877
-5967
-5140
-8383
-153
-6766
-698
9699
3113
724
6693
-9243
-9623
-8721
-650
5268
-1749
3138
8179
6941
9504
4525
-2377
-7321
7319
7302
7990
6835
1424
9754
3100
5547
-2493
7960
7164
-8926
-5086
187
-9228
8027
-9090
-8815
8785
-4992
-7536
1855
-6003
716
-5008
-7825
1377
-5505
-9580
9000
-2826
7739
-9978
-1115
4574
1446
2359
1394
714
9866
-646
1598
-9061
7989
-4495
-4568
9737
137
-3383
8521
5145
-918
4096
9142
-6482
9089
-4962
4895
-2696
-4542
7616
4479
-6803
7638
-2916
-8509
2804
9443
6606
-6483
9308
-4041
8837
-6033
-2331
-5659
-601
-2595
4478
6016
-354
-377
-1182
-6259
-1236
2336
-7171
7523
-2769
134
-7019
-5154
-1667
-101
-3796
5417
5111
9008
4859
1716
-7475
7887
-8604
-8639
-8147
-935
-577
1252
6470
-6099
988
-3885
3524
9807
-144
-3992
5863
6407
-6469
-6907
-3460
233
1660
8594
-9869
7864
4010
8963
-9408
2589
678
-3162
475
5795
-1801
2328
-5141
7622
-2700
-4951
-4757
-7992
1164
8767
-8186
-5259
-1504
-8602
-5132
2027
-1788
5129
-7741
9873
3722
-3889
-8544
-2269
-4927
-4231
-5960
9472
2607
4515
5267
-5474
-3158
-6154
-7852
7863
-1104
1112
9871
-6220
-121
-4594
2242
-7905
-3196
7110
4122
5016
2238
-9899
8609
-4041
-67
-9935
7411
8727
-445
-8550
8198
-7838
5965
7185
-3312
-3473
-5248
2557
-5611
7369
-6331
-2019
-8852
7269
3387
7112
9364
-9810
4221
7206
5206
180
-8973
3815
9860
960
7601
7271
-314
-2845
-7559
1604
-683
-7873
2510
6006
2375
7262
2283
-9515
4630
5952
-1534
9499
3220
-8148
6610
2583
-7958
4552
3509
-9032
-5269
4536
8504
-5410
-4505
6104
-4419
8902
-3020
1744
4227
-9983
7592
-3264
9744
-34
-6003
2027
451
-7653
-2022
8917
-8155
-5081
-5511
8456
-8778
-3469
3007
4732
1221
-8542
-733
-276
-231
8484
-4172
5351
-8895
6529
815
5332
6546
-1594
-4212
6290
-7908
-215
2037
6265
5853
-6265
8902
7699
-1346
-6609
9875
-123
3643
6602
-1671
-5137
8060
7596
4588
-2172
9800
-5864
-3101
-9095
-9336
-8566
9958
-9070
3561
-4254
-9060
5654
9252
2977
1918
5105
6713
4540
2803
-4634
7931
2677
8964
1574
2999
-2708
6437
1058
-1391
1024
-7394
2129
8881
3227
6755
9545
8382
6713
-5804
1943
-3821
-4864
1317
-4570
8114
-3045
-9466
8547
-8506
7058
-2367
9426
3455
-3403
999
-3547
7610
1156
-8769
-61
-4099
-2441
-4211
-5219
-5494
-7457
-1953
-7113
-7024
2243
4830
-845
7379
-133
4586
9213
6822
8841
-8521
8317
9620
-887
-8538
3074
9431
6182
-6752
-9240
-2663
-5521
4421
3238
5759
-9791
8020
-9736
-7248
-3934
-6848
-550
-7971
-8298
8605
9408
1570
6911
-7659
2112
5752
-2459
4149
5371
6654
5611
2165
9805
1792
5413
-9435
-7150
-6387
4986
6088
9372
8916
4107
9637
-4612
-6107
-3491
4838
-4078
1932
3443
-949
-2778
4074
5113
9335
-175
-7347
3483
-1084
9308
2815
-5198
-7168
-1673
-9786
-6603
1177
-2452
-7897
-2735
-3080
-8982
-4908
277
-3593
2707
-9494
-8756
8629
2438
8408
-2321
9661
2482
-3488
8995
-3973
-834
6198
4944
2194
2733
9746
5026
-8940
-6320
8424
2237
1229
-5753
-6778
-8131
-4734
2036
5867
1673
-5258
6373
6638
-6630
-1190
8767
4771
2191
1248
-8718
4906
7275
4169
1104
5939
-3638
-6164
9405
-8612
-1383
-3194
-6468
-5425
-8245
-2221
1518
-6376
6766
-6447
-6789
2159
-1705
-6696
2518
5387
2114
1284
157
-1974
-7469
5160
-7069
-6474
3050
4035
-6814
9412
-8408
-7410
-5480
3930
3117
1773
8505
4872
-6727
23
-7784
-9962
7297
-4573
5919
-4408
-1269
-1564
-5301
-5434
9720
8577
2592
-4029
3736
5523
-503
-3215
3279
2683
-82
8592
8995
8159
2521
2111
-68
4747
704
3205
-1510
2920
6964
-4214
-7932
2882
5099
4520
-8683
9798
-7194
-5243
8374
5398
728
5831
4642
-9775
-3664
1641
6629
6254
3953
9344
8134
194
5176
-1935
-5060
-4121
-5010
7151
-7481
-8047
-7063
-1692
8557
-8244
-7172
-6406
-8446
-4366
-1648
-6352
-5247
9080
-6801
-6885
-6975
-464
8477
-6625
-490
2429
-3561
-2357
-7378
-8386
9429
1284
1214
-5582
-1566
7455
93
5092
-4238
-1351
6849
-1410
2243
-7877
7946
-9406
-4229
-7302
-6605
-1029
-466
-3580
-7773
-1990
-205
1737
-5841
6235
-6899
-3219
-8431
-7471
-8215
6505
-3052
220
3959
7041
-4689
-6559
-4311
-7841
2032
-8348
-5718
3698
-7753
3775
-9884
-637
-3534
-350
5783
-1307
7660
-701
-9571
-8182
-746
-6470
2320
4544
-3940
4106
1048
6729
-5675
-1273
3769
3357
2169
-6822
9238
-2079
-5170
-2760
-8382
798
-8986
-8266
-9840
-2520
5105
9665
9894
6485
-1037
-9677
8303
-8063
-2426
4343
6481
3634
2169
1250
362
-9786
9977
-2149
3572
5866
1029
2809
-6214
5860
-6231
-875
378
-1495
4580
539
9706
-316
203
9600
-3832
-7114
9923
-1809
-5177
-2504
-3745
-4976
-5149
8424
6274
8934
8639
9972
506
2210
5837
-8466
-1261
9624
-8886
2508
2469
1493
-5267
-2951
-4248
-5561
6733
5955
-5962
-3378
-7439
-2319
4813
-2616
8898
-8933
2408
-2531
9492
2403
-3597
-8150
2374
6909
4060
1931
-7837
-3481
5275
-6722
-7253
-2256
8492
-2519
4793
-5757
1920
5246
-6082
9679
-4412
-3521
-2641
-9599
7584
-3744
-4811
3712
3726
-1599
-3886
-6151
251
-7792
-5522
-1969
4140
-3359
8271
-586
3640
-8982
-9122
2131
2220
9392
-9906
-2140
8359
-5988
-2462
-6054
4212
4897
-1932
1795
-5127
6979
-4493
-7681
-4621
5342
-3832
9352
7551
646
1103
5411
7288
-626
-1455
4648
4113
3145
-3221
53
2536
-3127
7913
894
4607
-4550
4841
-1182
-5933
-7092
-9387
2661
9887
-159
4981
-1013
-4818
-8852
2059
-3547
5516
-6839
-4416
6524
6256
7851
1171
4089
995
7950
-5859
-6470
-1456
-7947
8146
-3129
1224
6707
5689
9012
-6665
-9978
5394
-6778
3584
374
5930
-7513
5243
1709
2661
758
8591
-8034
1002
4847
9817
-7827
-1065
4532
-6157
6798
-8218
2387
8851
9928
-7022
3796
6634
-7612
2807
9970
-7590
-1800
-3088
9716
-7706
-3438
-7798
7538
8271
8584
2016
6861
-9451
-6982
5428
-5914
-1088
-1916
8618
2755
-5119
-9600
-4858
-2548
-5952
1841
-8753
-5597
4229
7776
-1907
6640
-304
8726
-9925
5712
-4713
-4002
3249
-2722
-5419
-1015
-2141
-4869
5724
-2992
2938
-5365
5092
1556
7391
-6307
5677
-3747
4866
-6555
8094
9835
-2152
2323
7610
9662
2683
1026
8387
6479
-3263
-2606
-7524
-6294
4672
-2943
6413
-3748
5909
2136
3260
2568
-9508
2072
-5877
-8397
5765
-6480
-2144
4351
-3035
-330
4185
8535
-4287
5515
8196
-7884
-3459
6583
8595
6999
-2303
-5209
-9295
-7631
5570
7118
-1379
5199
2974
-4399
-2234
3466
7673
5610
8790
7158
-7150
-3355
1508
-184
-9964
-4307
2071
-530
-5072
266
1587
1469
569
3902
-1532
8267
-7586
2894
-5644
7984
11
6698
3182
-3295
-7702
-5331
-6108
-6309
-9722
-7319
-9152
-6871
3048
6077
6666
3084
-4510
-1264
-3726
419
-7278
7861
-4392
7013
5484
4076
9000
7898
690
-6645
9602
-5579
-6227
2783
1127
-208
-8828
5019
3483
-8549
-8580
8052
-1699
4468
7849
-5034
1272
-6661
7423
7547
7479
-6135
9128
-6914
-9123
8332
-9117
9877
6229
1573
-3048
9551
5995
725
6055
842
-9484
7227
-419
7720
-7602
1001
9492
699
-810
7341
9386
-9539
-9321
-9472
-8272
8158
-5606
-9144
-8757
-4729
9188
-4153
-1131
9138
7421
9542
8688
7136
3988
8463
-2023
4504
5690
7558
5945
8088
2279
5436
2508
-8532
2776
1893
-8070
7176
2422
-6342
9054
6816
-1765
-9703
-4193
-2577
-3856
8397
281
-2715
7939
2689
-5580
1926
1152
6118
150
-3159
3675
-185
-1351
-4046
-4749
-8844
1143
-8253
3050
3073
8924
-808
-9548
7977
-272
-1313
-8006
9256
9831
1860
7653
3832
-7135
9312
-3479
1007
4958
7673
-2876
-4893
-1766
-9201
8644
6883
474
-6106
-8240
-8384
-638
8531
8411
2006
-2278
-7417
3704
-8830
1270
9419
-9575
4822
4999
-8202
-1347
7865
-8891
8895
-1129
6067
6567
5995
-5105
-1479
-9486
-6462
-875
4709
1153
885
-9954
-5765
3136
8457
9963
-5422
-8961
3666
-4252
6030
6805
-3827
4572
1804
1693
-6775
3389
6523
-7881
-7741
2590
-7593
-8026
-8795
4649
-3790
-1536
-6227
-9082
-6663
8379
-9036
1293
1514
-6859
1255
9813
-2099
-1359
-4440
-6069
-4554
5455
8503
7250
-2853
-4552
4359
-6331
-2432
-9662
9980
3696
-7688
-5095
-1656
-1478
7090
5839
3162
-9574
7938
7847
1720
3173
-9012
-3305
2985
-1111
5337
-7734
6541
-9218
7721
5044
-8248
-1412
-5788
6111
2257
5501
6449
5958
-804
-7519
-9138
-8739
4725
7953
-9180
-2114
-7901
-7522
-547
7540
5651
441
-5765
2357
-6949
-6708
4623
9592
-2205
2343
8356
-453
-9070
-7432
-622
6908
8069
-453
6586
986
5749
7449
5968
473
9122
-9492
-7921
-5059
-7014
1533
-3798
-7642
-4306
4158
4715
-1255
7450
-663
2058
-4756
-4600
413
8512
51
6702
1610
679
8492
-8844
-2735
-523
6905
-1566
-835
1099
1276
-327
3178
6217
2659
-1569
-3861
5017
4126
-9704
3452
-3409
7746
-3491
8649
-3290
1909
2783
-4779
-4320
-516
6831
6360
-2025
-8293
-2655
-8828
-7667
5779
337
3432
775
-9991
330
712
2669
8762
6852
1406
6608
7148
-5142
-3081
8615
1367
-4432
-4676
-3003
-7929
4267
6398
1555
4818
6478
-6749
-9754
-6178
-5577
-7421
-6679
4761
6011
7817
8491
61
-1471
4880
2543
-4620
-3714
-850
-7473
4865
6070
-8859
-48
-4642
187
-9331
-2571
-1826
7068
-7296
-7009
7266
-4045
-6763
-8912
379
-4184
-1870
-1140
-4453
-4053
1071
9330
4476
-4049
1872
-6424
5958
-8978
-3897
4543
-9188
966
-5506
-3830
-5127
-4836
7320
3047
-4048
-9977
6038
-6783
-4021
-7004
-1974
-9922
2533
9878
-1062
-8199
-455
-6271
-8870
-5980
-320
3002
1317
-4363
4024
7420
-9821
8557
2106
-1605
-5274
-9301
7280
-7955
3746
-6769
-7931
3505
169
1769
-9779
-8084
1847
2754
-8207
-5495
4555
1338
-1766
5685
9079
7915
-1313
395
-2728
-3569
1535
1173
-5012
-2638
9568
3435
-1939
-9433
9202
-4472
-6202
-5009
-7247
7688
-9520
-7026
9604
2327
9449
-4883
-9448
7725
6455
-1214
3409
5533
421
-4184
-352
-8586
5969
-8817
2587
-5323
-1455
5875
-8168
-9674
6442
-5246
-425
-6040
-255
2328
-4632
3946
9023
-5028
-3728
-7808
89
545
9917
265
9332
7046
-482
3473
-3417
9167
8608
-7449
-5930
4915
949
6336
789
6502
6662
951
-8744
-3763
8632
4722
-7715
-6000
-1332
-4971
2693
4940
-2779
-7219
-794
858
6767
-1463
-2097
-3715
-4270
8207
-4549
-5662
-5522
3242
9253
5427
-423
3763
1929
-3762
-1566
3185
6196
-2934
1627
-7798
1066
-9706
-2769
-2521
8956
8173
260
-1839
2751
748
-9582
-5626
7033
-3852
-7419
-3796
4207
-2941
9446
3460
-3793
-978
943
-8144
8981
9377
5041
5177
-3558
388
-8901
-8772
683
2051
-1293
-362
223
-7312
7799
-3306
3436
-8063
1068
4189
-1915
3649
-9608
-7708
-5571
9838
9473
636
2580
415
2492
1560
-209
1253
457
9955
-8360
1556
-8818
6044
-2673
3611
-4319
-8730
6299
-2800
-2036
3455
-863
9033
-2357
-9057
6402
-1965
-3044
-9170
1593
-3572
5187
-2107
-9437
1399
9453
354
-3628
3631
4029
-1987
-1093
5212
-5944
6235
-1178
3459
7505
-1159
-5621
-4531
-7705
7238
-1778
3659
8181
-5377
-8307
-1143
-825
7007
5285
-1918
-1380
9569
9482
1793
3643
-4147
-4577
-2328
7587
4331
-7117
-4636
4286
5426
-7457
1790
-5734
-3078
-9021
282
-5841
-799
-6060
-3940
7546
-646
4917
441
81
3922
8523
8701
3490
-8276
493
854
1299
5917
8526
2606
3968
-4871
7970
-1747
-9446
-9488
-6237
-1459
1156
-1536
8823
9036
7665
-7238
-4904
8931
5837
-6267
-629
-4083
7656
1615
-5383
4866
3339
5110
-4281
-1642
4747
-5756
-9036
2435
3094
8934
-5592
3648
-6833
1893
-4091
4323
-9644
-5269
3358
8021
1214
-7826
-9328
-2950
-4092
43
6688
-2716
-8343
-4975
-7851
8718
-9865
1590
-2925
8603
5834
-1961
4759
-1072
694
9167
-3704
3861
4780
2206
1904
5136
-9343
-1018
6878
5593
1157
7550
-7358
-9215
1313
-6949
-1931
6692
-1924
218
5409
1932
-8193
-3796
4256
-8638
7965
-986
4011
-1342
1901
-5973
-3761
-3319
6233
8143
-4463
-9389
845
-7586
6204
-4278
-6316
-7434
-3493
4998
-4383
4576
1689
3694
-1485
818
-4375
4043
7022
9881
9126
8707
2615
3136
-2636
-5484
7164
3603
4918
7117
5466
-9546
7728
-3689
-3410
7652
2033
274
-9782
8541
-4729
-4165
6837
-9320
-6751
-928
1498
2596
-6885
2241
2476
-7760
947
-1188
9098
8312
7049
9982
5635
5687
7098
1101
6141
8547
-8868
-7270
6198
6886
6726
6416
9147
-8004
-4028
5984
-7323
-779
-4945
7896
-8184
1891
136
8014
4132
-8917
-3175
3229
-6885
-2406
3210
-7530
-6720
4028
3571
-6859
6295
8424
-407
2493
5310
-3682
2629
4456
2035
8601
4160
4712
1543
-7064
2608
3359
4827
-3536
5093
-1042
1268
-8083
-4093
4383
3232
-7163
6854
6512
6866
4145
9654
6881
6290
2967
3094
1599
9285
-4277
-225
1319
-1956
-6065
-248
9587
-3129
-3920
6667
-8303
2544
1759
4377
-6188
7398
-5996
-8085
629
-3158
-7511
862
-2572
-9645
4236
-5692
6645
-2798
7403
1964
-3514
-3154
-8262
-8475
8611
-606
1277
-8082
9986
7357
8585
-4596
3622
4064
-6499
-8846
1461
-2495
-6931
-4189
8068
-4441
-9607
-4505
-365
4629
3525
-3721
-4449
4648
8243
2037
-8507
-6299
7283
-6176
3096
-1440
-4258
6802
-363
-5674
-7795
-6742
-7889
-4294
-5588
7293
3212
1203
-6897
5000
-9518
-2783
-9505
117
-4434
7741
6396
1117
2388
8359
-3126
7602
-7941
-5843
-8575
8876
2717
-2832
5678
-3926
5215
-8397
-667
7326
1031
7466
4619
-2037
-1332
-8558
-7038
2871
-1340
-6543
-7013
4226
-8803
-6897
-936
7306
-8539
5938
4907
-2758
-9906
-9947
-162
6532
942
-764
-7394
-3844
840
5660
-6518
-8130
6846
-8179
-167
-765
-6737
2795
-7895
5644
9974
-4907
3591
-5109
1917
-7346
-4082
7100
8592
-5455
-5659
8687
-5402
4179
8939
5540
-6585
-8456
-4583
7976
-9076
2620
9846
7771
4441
3399
-2995
7704
-86
-890
7069
3608
7924
659
-7780
3562
3313
-1862
661
1904
2683
5002
4311
-8998
2901
3250
-9738
-9964
8515
-4321
8012
-6840
8299
-8423
-9070
2739
8697
1656
4164
-1389
-5514
4953
-4061
-3869
-4389
-1841
9693
8924
-9983
353
4548
2701
-925
2580
7424
-8025
-450
7686
-7988
1785
-2914
-6256
4945
-4616
-4678
9596
-8156
-5982
1251
9729
6350
9459
4681
-3990
-4411
-9709
4169
-4719
-7065
7908
9355
-8797
608
-1571
3783
1752
404
-6668
-563
6137
5118
6523
9882
3783
-4372
-1076
3379
-2528
6663
-1650
921
6734
-2192
-4399
-7257
7118
-387
-9368
-3881
6269
8540
-4527
7472
2868
3902
4976
-1660
-1973
-7972
7778
-5837
7146
8021
-2235
4650
-6352
-9591
-1972
4841
-9207
-9902
-518
7527
-2093
5083
-6010
-1255
-1584
-1657
4865
-5316
604
-9663
-4123
-2808
4240
-5427
5533
-4013
-3399
7031
3871
-2532
5051
-4643
-7883
-7580
-4234
145
-9019
280
3964
464
-2194
-8130
-733
5517
4337
-8596
-6140
-799
-3912
8185
-462
5686
-4624
-2502
-9742
-9092
7206
581
-8341
1077
8049
6711
6434
-9835
-7149
-4080
4031
-2447
6201
-2006
8017
-2273
3586
1005
-6756
-2078
2409
825
-9157
-7783
-991
4102
7904
8106
-8400
-8118
-7265
-7474
2463
-5606
3603
511
-5175
3757
4397
-2324
9678
2148
5230
9599
-9858
6967
-2675
7449
1692
4290
-4630
-5900
-4886
-66
-3682
7844
-5965
-2058
9671
-644
3545
-7595
1883
-271
520
-4515
-6040
5346
-7037
8358
-3258
-7360
505
-4308
-7762
4368
-3620
3284
1816
8072
-2426
-9094
-7828
6409
840
2211
4253
4876
-9848
3923
-2048
3697
-9952
9835
-2854
568
-959
1107
-366
2004
-536
6377
8365
-6311
-7932
-5677
8058
-1552
7607
3594
241
-4820
4501
2413
-8411
-939
-5377
9563
-2343
-1504
7206
5610
-4087
-9026
9165
3060
1542
-1795
-5834
-8824
-9792
7351
-8727
-7707
-8961
-2938
-3384
-7183
9232
-5777
6412
-528
3124
4633
-8116
4713
-2586
228
7996
5072
8724
5201
4402
-5364
6175
3566
7696
1438
-4508
-8139
6335
-4300
9212
7608
1715
-6028
-1610
8331
510
-2379
-7447
642
7093
9399
-1005
-7303
7832
6410
2925
5828
5202
1648
4749
3324
6285
4645
-3111
7701
-3918
6102
-6717
-3863
-8198
-7506
-2535
3517
187
5855
5568
-9303
-6524
8122
5060
-5711
-8760
-5945
-3013
9072
-5815
-6368
4899
9387
5281
-352
6431
5286
-5708
-6681
6707
4095
-6858
9990
-9769
-5056
-3795
-2304
-7819
6392
-2729
-8531
-9191
747
-6689
9591
5037
-5449
-6355
-4256
-6377
-2170
-624
8522
937
-1623
1890
-2633
-2617
9903
4407
-5910
7718
7549
-5921
7949
-3787
284
-635
2115
397
-9643
3585
4927
1104
6896
4517
-139
-8553
-8118
9326
-4930
-288
2423
-2688
-5631
-9201
9203
1736
1904
9105
-136
5994
6823
-2588
-6207
8492
3626
7799
1578
-539
-1805
1935
-6955
-3158
-3241
9942
-4920
-9659
-4891
-3038
9667
179
6675
5810
7491
-5236
6610
-9587
6501
-1487
-6761
-3636
-1773
-9939
7497
2020
-7727
4843
-182
7572
-5696
-8267
3227
1070
2297
-6293
4732
7377
-5952
9841
-5662
-2565
3740
-5267
-6755
4952
-502
-6425
5365
-281
5809
8604
6083
-5965
-7615
7300
9776
-5341
2143
3315
-4049
-9833
5048
-7101
1237
1065
-3394
-4031
-1559
4375
-470
2780
-4470
-6730
-8767
2496
8222
731
6071
3586
-9551
5600
5911
-9748
9635
8296
7553
9411
-3325
3416
2725
2627
7304
1493
9247
-1460
-7442
-4148
8230
4720
-6053
1481
1220
3198
4751
2454
-4306
6693
-3095
-4515
3999
-2645
-8915
-91
1328
-9281
1926
2601
-6150
8601
-263
-9705
4948
-2960
1789
4194
9302
8068
-6234
7531
2787
1434
2732
-2272
-5368
1203
-9819
326
-2105
807
9532
-4385
-8118
-9384
9245
3211
-4943
1170
-468
-1093
3492
9270
2924
2160
-3691
-5288
-3646
-4390
-3500
3841
-3138
-6993
-1004
-6686
735
3628
4518
4637
-2326
-3867
-4556
-2795
5469
1047
-2178
4714
-5743
6600
-396
7511
-773
-6905
6780
-7850
8977
-3191
583
-949
6141
7083
-7109
-3277
-6189
5608
37
8267
-765
-5446
2904
6909
688
-7932
-2165
-3844
6836
9378
-5410
-8907
5977
4195
8604
-4797
-8990
9104
-2646
-6293
-4088
7937
2758
-7948
8741
9371
-1225
-7449
4978
8813
-5462
-5787
-2913
-8838
-5158
-8505
-6770
6398
1373
-6213
5775
5963
-5120
1751
3878
-2796
-9325
8610
28
-1971
-7684
5940
-314
5075
-8287
2147
4445
488
8419
-578
3021
-7043
7356
-9892
-5881
-4081
-8397
1071
-7684
2976
4858
8092
2660
-6542
3563
-3463
4383
4238
-1133
-5590
-4013
1184
-5930
9395
-21
-4217
1541
-1856
6272
3681
-8714
3013
-9642
-7637
3121
-5523
-1718
8446
9269
4319
5142
7847
2410
-2199
-8696
-4027
8060
9408
-6069
-3074
-2462
-81
-8170
1609
-687
5530
7392
-5426
-6327
7384
8255
-1319
397
8613
1044
-2762
-3189
-6954
-596
-3921
7365
-5454
-2353
-225
6068
2672
9469
7848
2080
-6601
-1505
9618
7039
325
1226
72
-424
2339
4647
6970
-278
6622
-4350
-6161
5235
-9586
4799
-4234
-6540
-5798
5566
-9175
2469
-6788
4321
2258
5885
3789
105
1685
-9092
8600
5023
-8332
2646
-30
1740
-4058
-7692
-3614
-7089
5751
-6992
-1438
9591
-8037
-1024
8110
1450
6158
-3968
-2985
6983
8502
3949
1303
4480
3554
-1188
-1695
-4762
3441
626
-9740
5109
-3008
230
570
2934
6259
6956
5845
2010
-6316
-1873
5321
-632
-9176
3430
-9183
6982
9462
1554
7685
-8317
-4498
2708
9884
9056
-4760
-1811
-1986
8681
8815
1995
7511
-4194
-7775
-1920
-7540
-7796
-1244
8305
4214
6162
153
-466
-4471
977
-3316
68
1679
-3854
-4658
-637
1550
844
-4209
1434
3620
1031
-6657
-4646
3432
-4122
7349
4663
5405
-6706
-7258
7865
-4501
5220
9890
9713
1381
42
2968
-9370
-5261
9652
4419
6418
-482
9761
-499
-5211
604
5292
9944
-2056
-3678
-6714
3298
-6525
-836
4368
8138
-1711
7662
-5399
-3847
-6840
9821
-3958
-3406
4922
9806
9562
5552
-1735
-7067
-29
-5317
2452
-269
7905
7241
-5944
6918
7184
5721
-3040
-5810
2740
435
7075
-2893
-1427
-4637
-5232
3174
1516
-2071
6715
-8722
8244
1636
-5196
7805
908
3070
-9263
-5401
-8527
6910
8052
-6902
7871
-4172
-9985
5054
-8452
-3024
-7036
4288
7411
-9962
-8606
-296
-4599
-3837
-7123
-9363
7813
-6688
-8084
9777
4948
441
7581
-423
-2769
-7962
4176
-1296
-7331
2227
1803
-9461
8055
1818
9315
-6676
-7486
-7722
7612
9926
-3962
-7273
-371
1439
2611
6228
2077
4144
9540
7714
3920
8209
1875
5221
1506
9107
7259
-4319
-2190
9928
-8371
-6667
-5812
-6596
8873
-6498
-3272
-8614
-499
-1939
-4968
5539
788
4662
-3022
-2881
4610
-7225
-8738
7870
-5791
5182
9799
6084
402
1304
8911
1381
-9294
442
5030
-7665
3775
9218
-540
6368
-3560
6189
7755
5941
-2030
-7214
1480
-7522
-8832
-7822
-403
9499
-1326
859
-8911
6604
-239
-9113
6408
-9838
2192
5319
1543
2898
-4240
293
8954
-6745
-490
-1587
9624
5950
-1678
-8902
5612
6292
-2395
812
8770
2495
6711
2087
5714
-4616
-3334
6803
-4292
6427
7691
-7885
6589
3603
7434
1853
-3500
-3086
-7855
-826
3891
5377
7587
7235
5047
-4091
8333
658
-4079
-342
-4810
-1588
-4127
-8100
-9502
-8413
1005
-2835
8390
6713
-6409
6080
8829
-6099
-318
9983
9475
9903
618
-4660
-924
-5492
-9284
-3337
-4537
9485
6293
-6205
3863
-7787
7174
9054
625
-6953
-9047
4845
-5366
1959
-4270
-6977
-1329
-679
-7176
1220
6943
2506
4924
-9863
6130
-4459
-4522
-4795
3770
-85
5589
9233
-601
5602
-3252
-6738
7816
-6079
-3964
2161
689
-3011
-2995
5323
-7332
2735
-7933
1340
-4223
-5109
-3720
-3560
-8883
-8797
-3422
7247
465
5777
-3827
-5766
-4309
-4518
-2813
8812
-8916
3935
-7927
-7380
-8423
-1891
8502
2266
8819
-772
-2411
-8513
-4317
3377
6548
5181
8268
-3452
-8379
-6895
-2248
1920
-5927
8217
-2304
3967
-3828
3387
9449
3359
2198
-5747
1015
7992
594
2592
-179
-904
-5143
2361
8324
6167
3848
-5994
-457
4116
9188
1531
-9337
-5471
8358
-1585
6449
-7570
353
-5856
-9883
-9755
-8749
9566
7325
7171
-2460
-1661
8883
-8146
-9070
-1296
950
-4212
-5215
2994
-4325
8633
-9279
5219
6469
-6371
470
7132
-1842
-1173
-732
-1673
4978
-6659
6192
5095
-6414
-8837
8382
-5369
8334
-4079
2971
7217
-2225
3901
-359
-7554
-6591
4426
5440
-915
6779
9882
-1976
3247
-6490
8494
4099
5389
1042
-6634
-6285
-3981
-3293
9907
-8886
4014
-8930
9496
8646
-6876
-863
1616
-5939
-9368
-763
7423
-6922
6368
5569
-7761
-4548
6068
-7880
7197
3035
-648
9411
-2866
-5260
452
500
2177
6472
-9072
2083
7586
8663
6874
-9199
-8972
-6281
-62
2644
1501
570
-4398
-1076
7370
-8031
-5508
-6671
1142
-5719
-4551
2059
7316
8522
1469
-5551
-6738
-8079
8671
5439
8393
-6681
1242
9699
-8019
1837
-9501
-6990
9277
4158
9375
777
-1552
-1303
9701
-4183
4387
-2086
2867
-4472
2195
-7963
7587
3231
-9442
2777
7681
-2459
4698
-9929
-7021
3090
-6610
7943
6509
-4629
3500
-9272
2102
2776
4886
5198
-6448
-2946
-6106
-3026
6593
8282
8609
-541
-2470
4524
1496
-1162
-2246
5776
-8386
-4566
-6684
6312
-774
17
3122
2616
-2041
3351
-8292
-8542
4079
3810
7955
2685
-993
-8494
9739
6623
2201
-9949
4904
809
-489
-7567
-4668
-5273
4992
3087
-9498
6606
-7759
-6181
6638
1468
7557
3480
-2196
-4485
-3170
-488
694
-9092
-2957
2369
7314
6050
3875
-9227
2672
-3924
-9176
1296
-9395
4056
7451
-4062
8784
2442
-7255
-6994
2769
-1293
546
-594
-9826
-1898
-7114
1700
7338
-284
-8789
1752
4346
-1746
-5880
1659
-1975
-8284
2432
-5583
1513
3257
5714
2118
1033
6885
-8224
-184
-674
-5479
6544
-4185
3229
810
5222
7124
8913
-8172
-1177
9971
5265
3756
1723
3331
-4270
5843
-5010
3755
-8721
-8858
8173
2792
8120
7607
-5090
-847
4491
407
-7311
-2463
4929
9233
3353
1878
43
2295
2722
2676
4123
-4734
2646
3108
9022
-1911
-3561
-5249
-2347
1429
-7773
-1068
6292
-5880
-8276
4412
-4553
355
-2715
9938
-9239
-26
1195
9411
2928
-5453
1288
-3309
-9438
-5990
-6913
8406
2997
9454
1514
2018
-2457
7953
-9511
5196
3102
-7284
-2152
-607
-3164
-428
-2475
6004
-6353
4810
5941
-5591
-1495
857
-6181
-8568
9125
8829
1844
9688
-3441
4931
8093
9556
4384
3327
5294
-4353
1279
5783
-5437
-1899
-7780
2412
-8785
2777
-4296
-1260
-1219
-648
-2729
-1558
7482
5776
9299
-4979
-9072
8424
-6151
6493
-8169
4129
5144
-6356
7405
3248
6972
2698
8896
1971
-1519
-6542
-9928
4422
9591
-8713
-2802
-4705
3748
5979
8368
-5261
-1858
5849
-5765
-2560
-9131
-1116
-416
-1560
-4624
1415
-3711
-5760
8781
-6306
7489
5752
6392
-9896
-2278
-1407
-2717
-2206
-6986
-3126
2802
3934
5890
271
3633
4257
5010
-8226
105
-7034
-785
4695
1850
-7481
-3145
-9053
7656
3145
-4813
6436
-9441
-7325
2187
6951
-7221
-6371
-735
63
5145
6000
-9343
-2054
-67
6547
-8063
-6434
803
6948
-939
-5372
9914
-8004
-6957
5484
-5484
3620
6431
-4108
485
-8382
-7673
1044
-1986
8235
1715
4515
-8137
-9021
-1702
7008
-9300
-1045
-1325
633
-4499
612
7920
-9976
1280
702
-1627
4914
2698
1416
398
7214
-1244
549
-6895
9241
5888
-847
284
-6098
1108
-8001
8417
2972
-3301
-3286
3700
-2601
9390
-3905
-8247
-1389
6708
-6607
-1365
1708
4095
-9272
343
514
5865
-5539
1448
-5379
5010
8275
-6139
898
-2573
4146
4800
8536
9866
6937
5228
285
-2629
2648
-8595
-3240
8744
-3121
5371
9172
272
-2274
4600
-1912
-1546
-5058
-7678
-5682
-597
3770
2660
-5587
2044
6522
9032
-6808
4388
7552
-8273
4253
4488
-9325
-1742
-4421
3323
-337
2339
5787
6542
1430
4958
535
9156
-442
-7657
1330
4500
-5335
9369
-2376
-7845
2029
5758
4200
-1450
4789
7392
-3342
2340
-7161
-5369
548
-2765
2889
6127
-9443
-7448
2186
6345
-7186
-6385
5023
3349
-7230
-5420
9413
4100
-7199
-5923
3468
425
-46
-783
-3818
-5847
7767
-5309
-4735
-1855
7031
1825
2776
1299
9060
-4335
1146
-6663
-1783
-2948
-6598
4752
667
8426
-1899
7158
-3274
-2487
4978
-473
5312
2166
-6328
-4735
-8617
-146
3139
-7130
4545
8404
1016
5296
3949
-6209
315
3008
-544
-4819
6345
-8607
2233
-6532
6146
-7101
-8107
-2033
-9944
2340
9201
8755
-8133
4512
921
-740
-6503
2304
-7165
-9644
5174
-8900
-7520
-90
-9883
6429
3702
432
-564
-3122
5614
-498
-1728
1567
6691
-1862
4467
8584
6105
8244
923
5305
6999
6511
3538
-2081
-4229
-9245
-6057
2327
-8888
-7163
3427
-6408
2748
3544
-6258
170
-2303
3178
7048
-2969
-3600
-960
8598
-6910
7178
3064
-4606
7003
5029
-9962
6029
5748
-9731
3287
-2613
-239
7763
1330
-7913
8875
4167
5515
-3812
635
2779
-70
-9196
-9525
-3172
7853
-2494
6950
613
-3896
-6240
1512
-7112
-845
-1486
7917
2914
-1737
3664
3183
-8451
-8950
-7056
9313
6101
-4969
-8093
268
-5734
1816
-5377
7046
-4534
-4572
7521
6016
-2999
-4973
6686
7614
1131
-9555
-875
4019
3321
-8640
5657
-3766
3344
3041
9418
8615
4092
-7639
-8353
3913
-2608
-2725
-2099
5380
9092
2525
2425
-1722
7953
-55
-5707
-1326
4972
-5301
-3713
-177
-4855
9134
-2437
8466
-5786
-6781
-5300
-8722
9981
-5883
9893
7793
199
-8461
1706
-8689
-1185
9607
6691
1627
2131
-885
9905
3804
9061
-2081
-7523
7753
2618
2486
1297
7763
5340
8860
9950
-6726
-4201
-5351
-5448
-4221
2487
-5555
-6428
-7315
-4016
8999
-6004
8520
8605
-9313
146
4457
-198
51
-1740
2583
-8310
4459
336
4308
665
-8368
5792
-3996
-5788
9462
-722
3732
-2169
7551
-6769
-9683
-8005
524
-3277
1701
-478
719
220
1848
5127
-9634
-3696
-1350
4138
8285
-8768
5828
2743
5289
3856
-6593
-9359
3368
3132
-5147
2829
-3870
-7695
-9341
-6319
-4463
-5303
-603
6061
1420
-8903
-4417
-7861
5039
7431
-9014
5405
-2545
-364
3263
-4261
869
-910
8483
-3843
-3334
-4390
520
-9966
-7537
5373
6584
-1407
7679
7244
2274
-6785
-8060
-4608
-7004
3361
-3511
-1421
9221
-8473
-270
-9794
-9348
7185
-157
3915
-7076
-5568
-3275
-4873
4310
3392
4458
-5171
7147
6921
-9798
3730
-4486
-8399
4694
-8492
-1463
6635
-3100
1533
3716
7111
-6167
6657
-7642
7284
-9417
-6989
4469
426
-9354
-8887
8579
-2628
-3760
2889
-5516
-5582
7718
-8370
-8661
-8360
5360
574
-6759
54
2082
5499
409
-7297
753
-2155
9814
8307
-5499
-7829
5590
-1195
-1097
58
-7048
-450
1171
-8470
-9358
-8869
4419
-4874
-729
2137
477
610
7498
-443
-8817
-9261
9611
6986
9959
3740
-6591
4432
-4695
-6778
2738
-194
-885
-1672
-7668
8018
-7894
-4716
1288
6999
-3186
1930
-8150
-8767
-9224
1121
7091
1253
-8270
4588
-9190
-3366
9048
-5859
-2659
-7273
-8398
750
7159
-3093
7694
3618
-9566
529
-8055
-7234
2267
-2228
-1950
-6445
-5230
4864
9206
342
9818
9983
-8538
-9372
1235
-3086
5217
5766
7269
7985
-6372
-5391
-9289
-4770
9081
-8409
2137
-9506
5209
2571
1023
-9126
9058
-6711
-1354
-2893
565
7138
-8029
-229
-2521
-4491
-247
2662
-3862
-5292
9576
-4925
-5805
6845
-6941
-2177
-4826
-2508
3053
-2025
-917
-1090
-1531
-1988
-4798
-6788
-1114
-5741
223
-8748
1367
-9213
-7890
7059
4279
3310
-7433
-5969
-4028
2426
2461
-732
7501
6656
-3888
-9440
-1801
5008
1773
-5028
-7018
-9145
3882
5173
-1133
-7196
8385
-8527
-2936
2328
-3554
-7849
6837
-1443
9210
1115
-8134
-4503
8868
1559
-8356
1328
-9173
9145
1704
660
-6575
9903
-4333
5198
-5126
-1350
9774
-7524
-6178
2361
-4719
-4073
3834
2345
-8024
-9720
8217
8813
2558
7426
-73
8145
-3357
-1206
-296
-1713
-6158
531
1153
5546
-5089
4578
5448
579
-224
-9679
9229
3270
-3481
-3229
-4369
1800
6419
-6815
-2135
8395
-2814
-3919
7207
9744
-6494
855
7889
3870
-6631
1313
-4122
-2788
-8157
7031
-7243
-3246
1608
8206
-8947
-4896
-7753
-5998
8375
-1234
4494
-2274
-9435
913
911
-1570
3028
-8182
8232
3956
-8439
-8263
-5190
-6830
9329
-1821
4483
-4794
5391
-9954
-7764
-8131
522
7565
-9926
1575
-7331
-3958
9299
-5236
4809
3792
2490
9095
-5296
-2879
1246
7733
-1061
-523
1688
4222
4936
-9782
-8888
4264
-1603
9317
-6810
-2491
9363
-4574
-622
3605
-7010
3173
-1099
-620
9215
-1801
4144
7744
-8010
354
-9441
416
7476
1805
1869
135
-8719
-6444
-1923
9938
-2505
2911
4201
9613
2227
7391
-2879
5310
-3463
-9781
-1085
3249
7113
-8464
-7372
-9952
-265
-9507
7792
5446
847
8351
-4139
2043
3876
7730
-4101
8879
-4994
3976
8816
2501
-3114
6738
2114
-7167
4128
-7045
8144
-5614
-3104
779
7635
-5992
2315
-6017
-5944
-4230
-5524
-4431
-8785
5324
-2360
-2923
1087
-8484
-5194
6986
-5885
-187
962
-7070
-3966
-8432
9668
8148
-1877
7517
-8897
-13
-8098
-2001
-9235
-6743
5728
6801
961
-6495
-3709
9159
2795
-2494
8203
-9566
8304
-711
-4329
-3169
-3725
-214
-9636
-9043
6438
-3602
-3754
6105
-5454
4369
3621
-630
-5645
9244
-8911
-1159
-3779
-9463
-638
-9097
-5958
5653
-9939
6837
-3120
8264
-9008
-4817
-2448
384
5735
7548
-9830
6099
8505
-9672
-3782
-1528
6433
4485
-7160
3775
-6146
917
6739
-1336
9758
-3319
-799
2841
-2416
6965
2214
-2355
3801
9094
-371
8514
-2002
-9099
-1102
-2547
8450
2789
-6448
-9326
3117
-230
-854
3270
-5746
1987
-2956
1829
-3376
-2496
-5787
102
4185
7135
-7058
-8232
4099
5157
3134
1621
7971
-7238
134
-311
-6337
9032
7143
-4167
5541
-5585
-3492
-1343
7906
5654
-4352
-4120
1361
2692
7709
-8295
-9805
-4358
1808
4380
-7224
4750
9869
6876
3627
3002
-1504
5319
9485
-7650
-1272
-3131
-4897
-4130
2702
-9357
285
-7070
3022
1911
8585
8670
7791
3666
5082
5499
5372
8999
-5139
-2821
7099
-2362
-4351
6968
-1766
-7003
3690
-9550
-7964
3175
-7200
764
-9957
1624
6635
6466
2268
640
9397
-990
-7449
-8299
1400
-9659
5367
-3519
9562
4459
-4521
-5578
-4642
-7422
5781
4729
-6734
-5986
-8554
6956
-5536
-6518
130
986
4246
3894
-7391
4601
360
8598
-1038
-244
-2393
1513
1457
9007
5575
544
-791
8857
-1276
8409
-3000
4082
-9014
-7220
2531
-2027
-3205
3977
-5071
1259
-8821
8780
-7756
5426
2674
-1425
3747
-3246
-2828
-7292
6510
4780
7942
1687
7507
7238
-4049
-3285
6094
4675
-1155
-6907
2478
-169
-4126
-4992
7805
6390
-7294
-3546
1369
-6115
-4767
7335
-6969
-8373
-4091
-9501
2102
3081
-3072
2332
1581
-5130
-5982
-912
-4172
-30
9524
-8079
-1635
-1632
-1264
-9158
-8080
8331
-428
-6555
4720
5999
3620
-3912
-6396
8853
-6578
357
-5799
3052
856
6303
-3867
7784
-1365
-8566
-3626
6374
522
2202
64
3767
7845
8430
-4145
-3420
-7008
1496
-1369
6285
4941
-6650
6004
2281
3159
9609
1134
-9698
3686
9056
3354
-5459
9079
-6793
-3955
-2287
-5358
6141
-2192
8885
2063
7872
6372
-93
-9979
-7773
-9793
-6986
7444
-1162
-6981
6106
5909
9024
-1614
-932
-7648
-6760
-630
6038
-7705
-3556
-5701
-8626
3373
4065
2808
8015
205
-9385
6899
-4011
-7792
6992
5896
-7771
9219
9825
-1036
6662
-1338
1984
2767
-5429
4728
-5126
7360
7080
-1886
450
6838
410
6894
-8864
5505
266
5201
2033
2001
-873
6370
2621
5116
8578
-388
4732
-5473
-1170
4556
3492
-788
-3061
-4525
-4300
5231
-6077
574
2590
-8998
8688
-6961
7840
2818
-6347
-7304
2043
7641
-8383
-5924
-359
4465
-5834
-7739
3301
-7257
1873
-1967
-2730
-5577
-3691
-5518
7357
6969
3678
-6944
2199
7601
7351
-1491
-7677
9759
5269
-6117
6298
8923
-3421
-1660
6563
1918
6137
-3797
-3618
-9698
2186
-6596
-3234
-5942
1437
7758
-1518
-8534
-7761
-441
-7844
5918
2615
4355
7239
3686
-3415
9563
3444
-8147
-6555
3462
-9225
3746
-8198
-8942
-616
-8341
-2738
5766
-8038
-6832
-7110
2449
-2774
8048
206
9429
9515
6167
-1013
-8330
2084
-4678
9746
3043
-7272
51
2605
9894
1905
9772
3355
6401
7238
5157
7460
-3379
-9463
-1558
-3893
-7501
1610
-1002
8669
8836
-2955
-1125
-8015
280
-4959
972
5671
-9155
-9985
9138
3888
-7257
-812
214
-7364
-8908
3706
5992
-8786
943
4869
8674
7564
5406
-2885
-2609
-8375
-7555
6389
-9706
-4999
-6566
2890
-3014
7435
-8349
-8321
3106
-7504
-4585
2243
-9896
-1842
-8570
4039
4516
-3756
-2256
4228
-2542
8687
-904
-148
9971
-1777
-9313
-2638
-152
-6868
-2529
142
1854
4626
-3248
-7439
2061
-1597
-5760
-4834
4620
3376
7409
8446
-4746
-7441
2484
9770
2524
-6051
3997
-6298
-3644
-3186
3554
48
5037
4241
7410
-5116
-8907
-1399
8748
2948
-6773
-4501
5509
5288
7624
-6531
-9547
2243
6845
-8418
688
-7902
-2138
-3107
-4411
-9614
4563
9586
-2191
-9082
-3601
-8637
966
-8565
9325
2096
41
-5861
-9303
2509
-9193
-6076
-8272
-9964
9212
9352
-6495
-6615
1595
-5930
-1312
-3997
-111
6550
6617
5478
-9344
1179
8785
-1534
5819
-1096
3550
-3216
4061
6595
-7399
-5899
-5546
-2981
-9670
-4739
4664
-7942
-4703
7596
-8590
2523
-9020
6726
-9687
-332
-3551
203
-62
-6934
-599
4316
7966
1906
-3498
3784
-9190
-9949
-5711
4871
-9634
-3110
-7308
-5179
7630
-6978
82
2293
-1199
9101
3609
211
1623
4589
657
1937
-2023
7107
-4140
-8365
-6107
8982
5951
-8142
888
-7548
5643
5419
-3776
9932
4010
-3409
542
-9578
5133
1892
-6556
-1065
-2095
5966
-1965
-8487
-102
-6621
9823
-9446
9037
-2201
-8619
-5104
3155
-1005
-2402
-894
854
8486
5279
217
7625
-8497
3869
1634
1815
-1869
2056
-3053
-9978
9221
5882
1648
5187
-2362
3161
-4916
1017
2983
-641
53
-5498
741
8670
7657
-6544
-3733
483
4310
-1526
-4238
-1753
-3902
986
-7885
-8547
-7200
3967
7230
3468
7710
6451
3070
-643
5358
-9293
-7483
-9559
5445
5500
-200
-782
-6278
-5739
1608
-8621
-2282
-8404
1862
-4252
70
-8656
3996
9889
2330
9832
-4938
8851
7520
-7708
2318
5229
8743
-4612
-5414
7821
-184
824
8262
-4739
45
1782
8200
3767
9765
-192
8867
1203
1404
4450
6951
-4806
5794
4667
-1197
1845
8220
3866
695
9460
9879
-6987
4688
-7659
2122
-7006
-9839
-8063
7540
8423
919
-2416
3925
-881
-4929
7410
-7353
-6062
-1388
7772
-7892
-716
-7035
7902
-2329
5489
3467
-389
3075
-5838
-930
2953
896
-2521
5294
-6983
4194
5455
-1325
1733
7598
9595
-6963
5244
2434
1830
2653
8802
9489
-5014
6573
-8404
4270
-6742
-6782
-4339
8747
6686
5273
1822
-5432
-1937
-5226
5464
5542
-6211
-7799
3457
9244
876
-1090
-9438
4191
1948
5806
345
-6223
-1542
-854
-3014
3444
-4282
-1418
1434
-1024
5521
7096
1444
2206
2368
-6735
6774
-5849
1760
5958
9694
5549
8159
6871
8514
2756
-4220
9076
-3054
7728
4881
-8988
-4775
-6662
158
5932
-9497
9598
-5487
1937
-1427
-9966
-968
-6263
5961
-4880
-2998
6456
-728
-7517
2413
2686
8032
4293
-444
6545
-2952
9057
5620
7715
6785
500
8727
-4270
7560
-1115
-8338
-8217
-1518
-104
3720
-9225
3651
-3527
-5487
-388
5314
5236
-3933
-1694
7719
-7800
-5288
5751
6493
7989
6016
-6460
7046
5357
-8745
7551
-423
-6298
-6720
857
6308
-1337
2640
-5211
8560
-3640
-714
5931
6554
3799
-4458
1867
2755
5330
-6106
474
7531
-1394
-55
4023
-3405
-319
-8716
-6360
-4963
-3740
-8810
4615
-38
-1809
-4529
-3730
-9425
-8168
4780
-7145
1913
-5935
8786
-1534
-8416
-5672
-5947
4340
9658
1668
-1466
7188
-9726
8479
4932
-3131
-1841
6216
4230
6918
-7525
9141
5253
2437
-2669
-5556
-7573
-2094
-3724
7208
761
8189
-8728
3268
375
-3422
7596
8150
-9083
-9027
-183
-549
-8118
91
1650
6814
-9320
-6471
3029
8631
-9554
9225
7771
5699
5382
-4898
-6136
7810
6729
140
5017
1211
2050
-9991
-5522
-7576
-3413
-4206
-9427
1225
-3233
4112
-5604
2370
-5798
6046
-817
-1396
9576
-4068
-2766
-6258
-4844
-4995
-6838
-9462
3828
-2974
-7932
4277
-9114
7085
-792
2936
-9186
3686
9082
-2598
-6800
-6625
8627
3689
7487
-6977
-3942
-4590
-7211
8963
7735
-3915
-5106
-5032
-172
3772
3694
6711
8031
-2479
-2543
-9902
-4481
-1657
-9097
4727
-5000
-8283
2134
-2198
2840
5334
1177
1467
-978
2385
8211
8802
-8485
-9001
7764
9250
-2915
-3622
-5783
-9367
-6130
7912
-8936
-4379
-847
-1479
-560
4672
-9416
343
-601
-695
5782
-8468
7107
-1379
-9414
2005
-6192
3330
-5611
-7982
2131
-375
-3261
-106
-1126
3824
9993
3091
8178
-6137
4723
9242
-516
-2403
1483
-7355
-4011
5788
2988
5388
-4907
2490
-9360
-4080
-5168
-5052
7925
-1360
8278
-3966
4380
408
5659
-8882
-5978
-5468
8663
-5986
-8656
6840
1598
9788
9802
-5197
1105
5005
-2552
7095
792
-5844
6203
5885
-9633
6844
-8195
-4801
-4488
-6550
3839
-6211
3206
-1782
4197
-1136
3057
-8061
7118
1719
-326
-7818
2279
-5007
-4310
5801
-204
6796
805
-9036
3890
-8403
-1159
92
-8798
-792
656
-3272
4407
6168
179
1967
9957
-2895
-9816
7874
5969
3242
9813
6807
-1319
-513
-7291
-9040
4480
-1600
6761
-2004
-4805
1287
2681
-7195
2884
-8479
2897
7807
4451
-2726
-5465
-1143
-6559
8435
-9177
-2881
-4461
-5271
-5008
-8493
-8309
-1474
-7965
372
-8267
-5256
5053
6213
6865
5535
-2071
-4220
-3179
-9391
-1415
-6575
-4149
-4797
-8769
-9699
2477
-4234
-841
5918
-5800
3703
-3243
-261
-7848
5471
4968
-6157
-6004
-9277
4216
-4271
-812
-732
-4338
-3947
-1477
3591
5554
5344
7921
-5861
8769
-6229
-658
-6279
-5927
-8182
3208
6953
-8544
7409
4376
-1786
868
6529
-6316
-444
-9629
1401
4000
8308
7130
-6812
1297
-7209
2962
9820
-9898
-1485
5164
8023
6375
7653
-4486
-4284
-4906
-413
1255
8303
260
6433
9432
-5364
-1633
4020
-5115
5772
-6424
-1023
-2828
-8704
-2715
-1978
-1795
8582
4534
-8834
-7879
4636
3403
-8995
6379
3498
-7621
-8108
9215
-2527
5201
4190
-4225
-4540
622
-4794
3817
-7291
9227
-7578
8481
-3477
1400
-4348
1540
8685
3674
9746
-9014
-1793
-5368
-3172
-3437
8035
-2166
-7059
1533
213
-5166
4468
7686
-6245
2378
-2818
2936
-3279
6109
-3247
-570
5335
2896
-2089
-4422
-5705
7284
7119
-3300
958
-9416
1407
-7115
-4784
8236
-551
-3028
-3931
6111
-7775
-9998
-5335
-9587
-8592
-1580
2791
-1410
-8644
9512
-5301
1830
2663
-6246
-5275
-9427
3054
2742
7857
3893
9442
2535
4477
849
9142
9693
2805
2311
385
-7406
-1579
2610
-7404
6808
3023
-2275
-4773
-465
6316
304
2767
-5265
-4146
-4571
2210
4301
-3998
-4737
-2958
-2420
-7124
204
-6165
7353
-5227
-7024
-9234
7578
5287
4872
-9829
-2571
-2518
-3512
-5764
-5775
4214
3184
3760
4250
-2791
248
8985
3063
5677
4915
1084
-4600
-6101
-8154
2980
-3225
2051
6815
-2151
-9456
-6488
-1385
8123
8799
-6514
-7986
-3773
4689
2224
4184
-7365
-3563
-2632
-9885
-5593
4577
363
-2888
1360
-3960
-7974
-3835
1440
-4075
-1989
-1860
6422
-6218
-1325
-5730
-5673
2187
6606
-3830
986
-6188
-1816
-9067
8502
-5872
5118
-8864
4286
-3794
-8749
8693
-9218
5336
-4196
5863
-8625
1552
-7973
6536
-8803
3760
-5325
7619
7542
7071
-8112
-4411
-742
8494
1759
-6036
-7694
-6336
-5103
-5472
-2208
-9986
-615
-7922
-59
4357
-9230
723
-308
296
307
4788
-4432
6055
1323
-3235
-186
9719
-1895
1077
6790
3714
6666
-232
2208
-1575
3732
8235
2089
8629
-3517
9881
-7636
9589
-4321
2305
3945
171
-3251
-2642
-5813
-9224
-7855
-245
6831
7190
-9760
-3355
6908
-1655
7722
7418
-7941
8108
906
7988
-3468
-5363
9943
-7659
-3013
146
-4057
3072
-266
1622
-4624
-2601
-8208
5846
4757
-4021
6622
6903
9455
7174
4092
9696
-6182
4720
1761
-4740
5859
7541
-2912
-3236
9249
3621
5123
-7089
5962
-7891
3057
-8096
5181
-3489
7248
-5723
3911
9040
-6156
-1333
-1260
-5814
-710
-1806
-8641
-6619
1610
-1102
-8178
-2908
7879
-8599
-1647
-5033
1886
-2398
8588
-2992
513
8270
-883
-2709
-6105
-1982
3802
-8858
6017
-2288
-6098
9861
6380
6363
-5954
-4331
-1722
-4594
2772
9888
8025
8315
700
5904
-6564
9054
-9130
5322
-3345
-6822
-7670
-9112
-4832
5168
-1821
-937
-3093
-4298
3926
-7077
3414
7829
-7217
3514
7912
550
-7096
-3811
9677
9397
-202
7702
-8569
-9503
3605
-5133
9551
4475
-9812
-74
-8627
-3761
4536
-3459
-4872
-3565
5605
2035
2137
-470
8679
-728
1079
-8539
-7215
-1009
5732
-590
5180
5409
-1194
-1302
3110
3958
-804
-3286
8825
2467
-5091
-7266
-7607
-3718
2694
-9351
2823
7822
-2916
2148
3577
9222
-4601
2255
-1507
-9802
7437
4999
2910
3169
-5591
-1910
2298
6936
-9492
-4593
894
-296
5842
-282
-7829
-5529
6173
-1715
4474
-1133
-1066
1017
-3312
6018
-6835
-6014
8960
2285
9962
-2548
2483
7399
-3828
-4607
4288
581
7204
-3415
-2484
7712
5713
-7870
-2584
5275
5570
3308
-6534
1742
-4687
7940
-9392
7968
-1044
1018
7706
5842
5004
6666
-1874
4965
-2162
-5670
6084
4010
-277
4092
-5410
-3074
-9324
5828
-1642
-9891
7958
9495
9105
3527
2802
-7430
-4731
-8165
-5770
-402
9803
3187
-9385
7509
2749
9340
4174
-5404
8026
-4268
-1074
7830
9743
8649
1922
-5668
-705
6319
-6120
7653
6429
-4441
-9132
9254
-7194
7391
-8176
1796
9227
-3946
-8606
9029
-7039
-4270
-9743
9432
-1209
8152
-5973
-3184
-6116
2953
-5355
-6374
5322
-9713
1679
-1663
6607
9281
-290
3035
-5161
578
2288
-2355
-2031
7833
9442
-2805
-2392
-9165
-56
4290
286
202
3721
9077
2074
-8532
-4108
5958
4421
4259
-6696
3463
4546
4984
-8201
1152
4264
5231
-2093
-7177
-4192
-6084
468
3777
-4531
3630
-5308
3077
8186
8358
1088
-1528
2280
-5192
-2452
-5647
-3723
7162
-9689
-5582
5141
-2664
-8398
3407
-7681
-2878
-1720
-9697
-7648
6187
-6874
-1839
-6177
7316
-4342
3014
945
351
-189
-869
2429
-9102
7603
-5292
-4293
-1129
-939
5705
-3968
3093
-6157
-5107
-9571
-4555
8301
-3531
2568
-3420
-3227
4920
-3513
3620
-3199
4032
935
2460
-2955
-4399
-3469
6856
8453
8960
7755
6055
-6333
-2818
-1354
6449
-7114
8400
-458
-3271
-6708
3692
5896
-8408
-9840
-1537
1893
654
-6618
8381
-5726
3905
2412
8930
-3636
-6823
-1749
6616
-9968
-3297
9296
7787
-3522
-3317
-5032
5125
-6869
1575
7245
6394
8305
-9464
3806
7921
-4150
3967
-3617
-8537
-1659
3486
9844
6336
-2610
5976
5266
7475
9153
-2763
4090
9186
3941
7106
-9308
-9582
-6212
-618
9264
-3080
-9044
6508
-2966
-7019
-9235
-9160
-9099
-3385
8528
-2716
-1922
-3132
-5509
1643
-6796
1881
1339
-7810
3077
4213
-573
887
7119
-2912
-2007
7811
-2493
1781
-2808
491
-7579
1870
720
-544
4851
1485
4017
5753
-8180
2544
-3243
3619
-6868
1248
-1018
-3664
-3150
-9679
2247
9927
4534
-8326
813
1652
-1238
8806
3183
9990
4308
-5904
4202
6729
5966
-5079
-95
816
-9874
-6079
289
-8054
-9815
-9233
9286
-6682
2015
-1732
3375
-7415
-1411
-4378
-3768
-3157
1017
-9234
-7785
9779
-6708
5398
-6511
7600
9494
7691
4329
9180
-3668
-5767
-4
-3542
1876
-5995
2125
2061
-5228
1410
5379
-9492
-6602
-1246
-6907
5708
8097
3047
-7450
-887
3813
-1514
2612
7105
-6116
6101
4705
-2902
7512
2754
-3722
-2436
6987
9995
7743
-1138
-6001
-133
-5356
2493
-5002
-6257
3001
-1604
2497
9815
-5896
4314
2861
375
-6574
394
8862
6039
-2501
-3534
5860
-4076
7285
3372
8678
-2717
-5344
9385
-2723
-7601
-1753
4998
2266
6612
1211
-9016
-9646
-5789
3102
6573
-2254
-9074
886
-9393
5022
8034
4722
3883
4072
-7780
-5931
3652
-1856
-8646
744
-3179
-1363
5401
-3794
9636
7800
8174
8354
3786
4785
-436
4771
8860
7496
1593
5432
-4759
2519
39
-431
-2460
-1928
-5709
-4856
-4136
-3489
-787
9516
8377
567
260
-4803
-7075
-4340
5124
-7440
-6541
7018
-9087
-9035
5523
4198
9457
4383
1693
1049
3535
6934
-2712
-6427
-3497
8550
1645
4515
-6307
7509
-8975
6627
7025
9402
915
1005
-1680
3840
-9615
-2836
-9880
-2435
-5818
-5246
-1470
9705
8952
-2013
7808
644
9036
1343
1298
45
4916
-8479
-1406
282
6036
6008
-2210
7062
2634
-1465
-9817
-6452
-6740
2224
7388
-6355
9389
-8772
1210
-2709
-4018
9741
716
-5067
1448
-1476
9298
4204
-6413
596
-5752
8503
2117
2842
-1216
1874
-1151
-9705
2656
-4796
2551
2839
-1248
5812
-1216
-139
-6823
1893
1089
4388
9184
-9208
7849
3620
-4275
-704
-7857
-1256
-6501
-4270
-6940
-2252
-2046
8898
-5690
-9542
771
6881
-5526
-6574
-7916
-9254
9987
4557
-9722
-1230
-1862
-6545
-5617
-7052
-8437
-2713
-6260
9412
-9094
3186
-1293
-3229
-8071
5928
6222
-5011
-2604
-5825
-6113
1706
-1645
8379
2307
2829
-8195
8112
7296
-8209
2669
7574
4282
-5473
-8971
8665
-2525
-7408
-4049
1215
-7996
578
-5599
4432
7349
51
359
7292
5041
7755
-8534
-7352
3182
3542
-8974
-791
92
-3448
-2679
-2613
-1657
-6290
-5039
-7376
-1763
-289
-4991
5713
6024
4681
648
-8252
-1020
5049
6181
-3672
-1179
260
-6381
-6139
1736
-1193
230
-1362
-3931
4977
7847
6161
-8471
-1112
-2731
-128
2598
5951
6218
-5444
-4339
-5053
-6011
-8316
-6651
4637
-2846
2329
3407
-2945
-7623
-7773
7315
-4003
-191
2771
8525
-9962
-4871
-1686
8736
-3303
-5525
-9736
5585
1744
3858
1904
-2306
3796
6460
7076
8743
-5831
-7520
-4188
8806
-366
8141
5933
6689
-9482
8160
7725
236
1689
4216
2481
5448
9346
-9206
4184
-3958
-4731
8169
-4653
-9267
2026
7251
2148
-4179
7431
2944
-1715
-8401
5425
4097
-9595
-1221
5959
-9942
-4532
6477
-8061
-3087
-3288
3628
-8872
9193
-924
-5806
-6293
-3020
3957
-1023
-4852
9305
3431
7175
6555
-700
-3284
7707
-7757
8722
9306
-8612
6540
-6569
168
2498
-6510
9357
2695
-4571
-10
-6873
9057
1118
-3960
1853
9034
-253
8833
2990
-7556
-6019
2294
5876
-5124
2570
-1104
5313
276
4860
4035
-419
6249
4295
6734
137
-3208
-9777
3214
-6793
-4348
-6797
-3666
-1571
8042
2374
-9718
7075
-7880
9115
3786
-5435
-3184
-200
-5839
1692
-7631
6778
-2995
6366
1637
-5240
-332
1606
9055
-3599
-8258
-433
345
8677
2774
5997
-8121
9108
-5575
-6358
1481
-5293
-5563
7322
-2457
8223
-4393
8080
1744
3489
-228
4113
266
-9503
4200
-4376
-1022
-2412
7230
1753
7710
-7307
-8681
-1946
-8631
4093
-5950
-3030
3200
2196
612
-1599
-9376
8770
-557
-1833
-9287
5051
-3754
2457
2260
9739
290
-3753
-6044
-1790
1871
6655
5798
2821
-1593
3507
5514
-274
-8440
-9396
-2461
-4390
-2426
-9262
-8473
-8094
2860
-7849
-5604
-3976
4039
-4891
-8926
-5995
7566
7055
-2535
1577
-6699
5142
9787
8893
1797
5585
1714
-9797
-909
-2773
3651
4373
1552
-8811
-6297
9126
-4351
-4770
-5248
-7771
-2619
-851
-1747
-8581
7979
3048
-854
5545
103
6611
-2879
7125
1752
-3093
6018
-6452
-3788
-2269
-2527
5304
8679
-5156
-324
231
-246
7100
3077
5403
-7670
-8450
-8647
3432
4420
-394
4852
2398
-3625
-6003
-2058
-9802
-5672
8784
7323
6080
-588
7061
-6651
5624
-5209
4543
4648
-2809
9387
-1956
-8858
-860
-4856
7940
-1736
-2526
9490
3338
-9095
3909
-7057
9478
-3693
3039
-2805
7970
3237
1523
6754
4281
1324
-114
1341
4673
-4491
6133
-785
-6122
-2956
-1399
1922
-1814
-8539
7066
-154
3446
-1740
-664
-3217
2887
-3035
3448
2364
3272
-3514
-6720
4963
-6556
4803
5437
7725
-3874
-4678
-935
-5481
4552
-1082
3734
8430
5962
-3945
352
-2132
1238
1138
7715
-5317
9399
771
1467
2285
7736
-1365
-1631
4729
5121
1649
3412
-7715
173
-1152
-9991
6299
7891
-925
-9182
2442
7993
8273
872
7676
-5672
-5056
-4457
5566
6082
-3022
-6031
9201
7749
5436
1485
9206
-2209
-6425
7655
-7088
5224
1066
-4803
-4604
9914
-1072
-4584
7804
8003
-45
3966
9716
-1773
-5163
7391
6276
3502
-3345
5562
3305
7354
9532
2505
8824
8688
-2289
8029
-3521
1286
5683
3112
230
469
8309
5627
382
957
-5237
1906
-1041
8439
-4129
2396
-3335
4430
3507
-3338
-2069
-9839
-7777
-8765
7516
-4525
7462
-9941
-5837
-4828
8088
642
6458
7491
-6247
408
-2041
-4218
-245
-7939
6740
4518
7688
-581
2956
-2721
-8186
-6658
-4571
9043
4
3361
9204
5948
8317
-9561
-8577
5778
-9502
-4414
-5330
-7694
9949
-5152
-6483
-2578
5257
5197
3204
-4989
-9022
3664
-6750
8666
-3196
6206
-334
2339
9548
5095
1381
3272
2176
4306
-780
493
8466
4364
-9
8965
9950
8383
-5009
-6382
-6770
-1491
1040
-7793
-6295
-5757
-2781
-5316
-8372
469
-2930
-1568
395
6736
-5509
3664
1831
5873
-3065
-5994
178
9876
8220
2364
4239
1932
1328
7909
314
-9960
-8474
7265
-1451
2566
9473
5975
-9470
412
-5621
-4121
-5399
1450
8032
8717
1906
-7478
2380
-2543
-7885
-6964
1464
6014
-3368
3404
-1622
-5408
-944
-6574
-7500
9370
-6534
-2252
-9645
5736
-5966
-6452
1711
-1715
3960
6090
7885
-7719
1260
5916
-9003
-6834
-7841
7099
4344
-5726
-9866
-472
-5991
-3234
-7068
2387
1358
1988
9534
7580
5079
-7000
-952
9155
-7544
6803
-7298
4167
-1191
-9618
3978
-3307
-7337
-1042
-7391
-2619
5845
-5232
-5521
189
2763
-5387
9717
6772
5101
-7352
2879
179
8358
2413
1479
7157
9134
-9474
6311
-8411
-8950
-7267
9478
-141
-6885
3455
6552
-501
-3867
-7119
-9400
-8022
1370
-4920
2167
-5867
3414
1883
-5375
2235
4532
-8775
-7586
6610
7359
3893
3766
6492
8141
3797
-8199
-7089
6530
-8722
2770
-6635
8454
3042
6585
-5413
5924
7185
-3435
-2707
-7736
-7548
5147
9400
4335
-6507
1634
2587
-5282
7769
-804
-7924
1662
-3318
-7712
3523
-9522
-5911
6434
-9272
-911
2924
-2186
1263
-4035
-5602
9571
-4391
-8417
-144
2903
-2432
2308
1770
-3033
-3357
5263
-7678
9230
9981
-9910
-1574
-4223
5473
8829
-1935
2716
-6972
5876
2870
-6244
-1315
-4207
1571
-6332
5480
9690
-6761
-8912
-8728
3095
7712
2562
-4597
-518
-6751
5767
-5256
-4429
4996
-1554
-617
-2858
4223
-5145
-4029
-3991
7572
-1001
-4395
441
6476
8011
9956
1767
-8322
9156
1457
-5083
-9757
6450
-8267
7956
2732
-2864
1158
5982
-7098
5902
-4727
-8382
-5653
4656
2482
-7709
-6768
8453
-1700
-9197
1172
7626
4965
1368
5636
8641
-6865
7314
7796
8313
-7769
-8240
8483
-6036
-6564
1215
4821
4594
-2804
-8557
4216
2469
-3218
8564
846
9264
-5425
4078
-8564
2875
8602
2608
500
7287
-2303
-144
5928
832
-2831
7444
-856
3121
9204
-2374
-9195
-7361
-7439
5626
-9047
-243
-9211
5170
-4053
-2428
7454
-9487
556
-7972
4591
1993
8624
6913
-1679
2844
4199
6018
-7301
126
-3151
-132
-2430
9714
-7011
494
1061
-2485
6855
7343
-6859
7808
821
-2349
6698
6768
5223
4151
-8999
-500
9900
9313
-8508
8523
6225
-187
5087
423
-448
7786
-5730
-9879
1375
5561
9836
8085
-3946
4617
-4401
-7092
1959
2461
-5563
-7221
-9888
-8866
-6733
9056
9007
-5732
-1445
8906
-2699
3768
-8851
-6475
-2698
6236
3949
6854
7743
8219
6975
2838
3779
-9470
922
-6447
5147
-9759
-3538
827
6424
899
7327
6536
5754
-5685
9312
4760
-1417
1588
3666
5885
-924
8536
-6870
6378
8492
7079
3231
6234
9018
3927
2792
2796
4457
-2566
6350
3325
-2324
-3468
-2128
-2180
-8849
-4802
-5645
6905
-487
-2613
5386
-8183
-7305
2772
-8578
1772
1307
-5448
-1851
-202
-4648
-4899
-247
-5631
9028
-7456
-9114
3484
3700
-9044
529
-8625
-2512
8401
-805
2360
-2680
7271
2985
6833
-1622
-1630
-7630
1074
-8859
-6208
-7155
6169
2066
4715
-312
7418
9816
9441
-8214
-7437
-4295
-7328
9769
9405
-6372
297
-5500
4837
2419
7416
-2804
9739
8407
-9819
-9709
-3215
-1449
-7338
-8421
3414
-3546
-1855
-418
8520
-3420
9270
9658
-3604
-7570
-8556
2680
1857
-2163
2448
4982
5187
-7255
9483
23
8885
-9382
-9060
8623
-7254
-8879
8914
3252
3393
-4704
4831
527
1751
-3304
-9891
3991
3276
-6901
3649
-6608
-749
8814
6073
-5172
371
2241
9810
-4443
8707
-6988
9302
7591
-6369
-9759
9934
-3623
-4917
8848
9629
8476
-5857
8180
-997
9615
-1404
2833
7327
-8129
9653
4696
-1015
2624
7230
-1222
7452
-2400
-8982
7262
3158
9726
-9727
6180
7316
-2375
6421
7250
7723
-8497
9818
-8929
-6301
-2319
9251
6423
1017
-2154
-745
-1657
3439
2629
-6962
-7577
-4748
-6012
1201
-7296
1588
2219
9966
-1534
5665
-6041
-5355
2981
5306
-5214
3951
3028
-3711
3768
4100
3710
-8552
7071
132
2465
-1362
-6892
-5472
-7924
5737
1287
-1780
-9012
5275
-6859
-2587
-3137
9081
1099
9050
4746
5059
-6305
1447
4085
-1519
-4603
-2888
8492
9165
-5068
2201
-5667
-7997
-7668
-9481
4362
-4560
-4953
-9842
-8824
6335
-1622
-4114
5330
5240
7020
-7808
4320
-1881
-5037
2786
-3102
-1342
-5768
-9018
-9141
-371
-1906
9351
2514
6748
1551
6848
-7529
7605
7367
6833
-3235
-3866
6991
1663
-3811
-911
7549
-8481
-5672
4568
-2568
8648
-3593
2395
1434
3305
-5227
9387
4287
-4367
-984
-3898
-1296
-8471
-7151
-6024
-7903
-959
-8420
-6816
-4127
-1655
-681
-7137
-9993
9229
1952
-8724
-9253
-10000
9566
1901
8648
-4028
-1984
3802
9278
2790
3189
7285
-7857
-4075
-6614
847
1175
-44
4823
3273
8997
6403
6457
-1410
-1531
-504
5174
2197
-1275
-2875
3474
3193
846
6760
-4907
-506
-7269
6831
-2984
-7992
-380
-6075
9294
1763
-150
-3600
-7391
-8975
6357
-8847
4298
9074
-8724
4475
-2336
-255
-6029
-7163
-4337
6417
3684
-7143
-391
-5471
9617
8424
7744
-7653
5254
-1519
-1923
-1406
2406
1091
-5923
-4023
7491
-3314
-2998
7568
1560
-4980
-9638
2837
-6785
1747
-3698
907
4584
1965
-2677
1988
4822
-9347
-9762
4438
-7203
7982
-9494
8051
183
-1417
365
-7411
-6606
4442
-1434
-9116
-5152
9289
-7827
6409
-1971
-7465
-755
1244
4282
5547
-7849
2586
1233
3195
-1705
-3946
3848
-1467
-5787
-9635
235
-5281
-7864
-9582
7023
2501
-3272
-9584
-3058
9015
-4979
5512
8303
915
1920
52
3450
-5115
-4984
1452
-5848
888
-2241
5385
-5917
9775
-4840
-8349
-1693
-627
-7983
-7738
7813
-5847
-3599
8556
-9625
3129
8972
1038
2143
-2287
-3451
4166
8629
-7811
-2062
5799
795
2955
-2749
4948
-6158
8731
332
-2075
8505
5492
3298
532
-1415
9036
6515
-3603
-3091
-7084
-1327
-2716
9766
-2356
8323
5630
5358
-1408
-205
7707
4503
7734
3505
-4703
688
-5524
-9756
4530
-6794
4298
-3824
-4569
3510
-6806
9684
-7905
-7771
6199
2213
-862
9115
-9114
6423
8880
2251
8466
4509
1329
778
-1975
-965
-4720
-521
-7460
578
-6113
-2984
822
-7863
3944
-4881
2034
-6905
-7650
5228
-7221
-1834
7457
8978
-9622
-3405
-8188
-5015
-3262
-5588
-9043
-1076
-7358
2286
9702
4388
-4958
-5018
-6134
1303
5560
1474
-7961
102
3611
9704
8943
-4355
-7201
-8708
-5407
-4422
-542
-7950
-1724
3557
2366
3809
-7737
-7176
8221
-6780
1748
-5417
9227
5170
8971
-5732
-9849
-7164
9292
9432
4310
-8669
-466
1642
-8966
-1524
-8993
-6167
3489
-4400
3132
-7054
1371
-4872
-9777
-6264
8937
-7514
281
-9122
-4294
-4251
-4539
-1346
-9081
-5568
6643
-5209
989
5935
-5777
-980
7266
7478
-9339
-7980
-326
-4611
-425
-6838
989
-7294
-171
-7640
1556
52
-183
4213
6260
-6181
5091
-8035
-432
-5727
619
4208
-1295
983
9000
-6586
-3083
-3057
2434
-5818
-5580
6816
-77
7815
-7796
9498
-9024
6915
-4075
4526
9275
7481
-1702
2812
1693
-5443
-9649
505
244
-80
4778
-5417
-5873
-2797
5566
-3153
617
-7518
3790
-6949
385
-8070
9867
-9692
9745
-4208
9806
-5559
-7294
-4270
8967
-4299
-3069
986
8513
-7655
5543
-7415
2850
-4214
2505
1348
370
-9648
8551
-4065
921
-833
2139
-5290
5939
-7477
-3359
9527
-3448
106
-4682
-3642
4548
-1976
5809
7235
3725
-3539
-1780
5958
-1194
-2516
8543
-4624
6991
4768
6724
-2640
8842
8995
7017
-238
1882
2876
4472
-2179
5399
-5167
-2653
-4328
4940
2665
2030
3208
-5591
1559
442
8134
-8260
-7617
7812
546
-133
-9925
9643
-3143
4843
-9914
7939
7405
9081
8676
-2834
4684
1551
-4641
-7496
670
192
3572
6342
-1148
-43
2092
-7941
4366
-2628
6223
6220
-888
8606
4031
-6621
2193
7827
-6979
-7230
2670
-3171
-9292
74
-370
-6896
-9039
-5687
4655
-3680
-3183
-4675
6512
-5891
-8334
-915
4066
7480
1144
2152
-5149
1087
-1629
3963
-308
-3877
7342
-4395
-6051
-5916
-1624
-9661
913
2805
414
-9458
5910
5096
-1423
564
-8585
9115
9610
-8353
-6776
-5003
732
7290
-7524
-4403
-558
-2673
6684
-8467
-4990
97
-2344
-3927
5702
1606
157
-2202
5666
-5210
-9397
-3921
-947
6513
-5105
7630
-2924
-3690
-9535
-3314
-2042
-6311
1683
-7590
-5301
7880
1728
7862
-4794
-1588
9396
216
-7771
772
6289
-8349
-3902
166
-550
-8236
8677
53
1564
1451
-3435
6460
2801
7362
-7231
3266
-2232
4448
6955
-6829
6859
-8346
-8950
-1414
-6764
-3744
-9282
-3648
-9807
-3332
7125
-9798
-1680
-6778
4090
7770
-5014
2766
1543
-9729
-5784
8108
6731
7018
9190
-6780
4004
-3042
7669
959
129
8248
6334
1180
554
9570
-8844
4994
-4078
-4930
-8339
-3233
-4727
-19
-11
-6917
1471
8697
5849
-6987
8968
-6214
-5159
9419
-5476
-5969
-7362
8528
989
-5973
3207
-8883
-7726
3261
6018
6550
6552
-9105
1543
-3806
-4035
6925
2961
4959
627
-3330
8042
-7903
-4634
7612
-1168
-1946
-4882
3673
1193
3363
7704
3832
5611
2413
-8421
-1182
7252
-2425
-7922
3269
-5876
8630
7885
9388
-5177
-6150
6312
-8496
8809
659
-1825
-9429
2757
7262
8183
-4691
-963
